91
145
255
262
308
314
357
444
490
556
583
609
679
684
734
742
754
766
859
899
942
955
963
980
1004
1009
1020
1027
1040
2050
2090
2189
2347
2365
2422
2433
2455
2475
2496
2502
2544
2551
2608
2612
2614
2682
2683
2689
2696
2746
2747
2751
2753
2766
2918
2921
2924
2926
2932
2937
2939
2956
2964
2974
2988
2989
3001
3028
3036
3047
3066
3076
3081
22
58
250
295
322
385
430
464
497
558
645
648
654
709
737
769
771
806
917
920
965
972
982
983
1005
1014
1034
1044
1045
2120
2133
2160
2202
2229
2280
2286
2305
2309
2313
2331
2363
2364
2379
2413
2414
2427
2447
2462
2474
2480
2543
2555
2564
2565
2577
2580
2582
2610
2625
2626
2629
2645
2681
2685
2699
2717
2726
2757
2760
2769
2784
2922
2929
2931
2943
2957
2978
2979
2987
2996
2997
3006
3017
3030
3035
3043
3055
3056
3062
3064
