55
211
231
464
477
524
576
652
689
693
705
747
758
763
802
823
827
830
846
853
885
915
921
933
940
947
968
971
982
986
991
993
995
1007
1009
1037
2076
2427
2552
2557
2559
2609
2668
2669
2678
2702
2728
2730
2742
2795
2803
2863
2875
2916
2921
2932
2934
2968
2984
2985
3058
3083
2
219
244
273
285
415
463
511
514
565
578
629
640
642
680
692
694
744
750
779
810
863
867
869
870
880
919
924
935
938
944
951
984
1000
1003
1016
1018
1022
1027
2002
2053
2133
2135
2266
2428
2440
2489
2490
2579
2607
2615
2616
2629
2681
2698
2700
2701
2735
2755
2801
2811
2814
2836
2851
2853
2856
2900
2914
2918
2919
2973
2982
2989
3042
3044
3049
