431
486
550
552
622
665
872
881
920
946
959
968
971
975
1011
1030
1058
1062
1085
1091
1092
1099
1100
1145
1160
1164
1203
1216
1224
1228
1248
1249
2178
2535
2598
2640
2741
2757
2783
2865
2871
2888
2916
3027
3045
3053
3063
3071
3108
3114
3116
3121
3131
3153
3156
3157
3174
3179
3180
3207
3208
3221
3230
3243
3246
3250
3264
143
246
305
375
558
561
660
674
675
679
756
794
822
831
852
873
874
902
976
999
1002
1006
1010
1025
1032
1035
1038
1065
1123
1125
1153
1174
1177
1181
1206
1210
1212
1218
1233
1246
1252
1256
2035
2124
2183
2420
2473
2555
2585
2707
2713
2720
2730
2769
2779
2802
2821
2849
2893
2897
2913
2964
2974
3001
3017
3040
3060
3088
3090
3093
3118
3120
3143
3178
3186
3193
3209
3211
3217
3232
3248
