83
202
557
558
685
921
1046
1106
1223
1276
1278
1401
1525
1576
1583
1596
1943
2000
2063
2121
2122
2124
2176
2235
2245
4386
4562
4924
5484
5522
5573
5604
5700
5784
5813
5814
5976
6014
6022
6044
6064
6075
6131
6142
6178
6180
6188
6256
6257
6262
6264
6293
6294
6313
6314
6316
6318
85
317
559
619
684
808
856
863
917
1102
1225
1341
1399
1404
1406
1414
1466
1575
1593
1893
1939
1942
1995
2007
2008
2060
2061
2246
2318
4038
4084
4384
4518
4620
4683
4776
4799
5483
5613
5643
5696
5729
5762
5763
5834
5912
5954
5969
5991
6062
6071
6129
6192
6198
6200
6203
6206
6240
6245
6258
6275
6288
6299
6307
6310
6311
6315
6317
6323
6337
6346
6352
